name: ml_model
channels:
  - conda-forge
  - defaults
dependencies:
  - _libgcc_mutex=0.1=conda_forge
  - _openmp_mutex=4.5=2_gnu
  - asttokens=2.4.1=pyhd8ed1ab_0
  - bzip2=1.0.8=hd590300_5
  - ca-certificates=2024.3.11=h06a4308_0
  - comm=0.2.2=pyhd8ed1ab_0
  - debugpy=1.8.1=py311hb755f60_0
  - decorator=5.1.1=pyhd8ed1ab_0
  - exceptiongroup=1.2.0=pyhd8ed1ab_2
  - executing=2.0.1=pyhd8ed1ab_0
  - importlib-metadata=7.1.0=pyha770c72_0
  - importlib_metadata=7.1.0=hd8ed1ab_0
  - ipykernel=6.29.3=pyhd33586a_0
  - ipython=8.22.2=pyh707e725_0
  - jedi=0.19.1=pyhd8ed1ab_0
  - jupyter_client=8.6.1=pyhd8ed1ab_0
  - jupyter_core=5.7.2=py311h38be061_0
  - keyutils=1.6.1=h166bdaf_0
  - krb5=1.21.2=h659d440_0
  - ld_impl_linux-64=2.40=h55db66e_0
  - libblas=3.9.0=22_linux64_openblas
  - libcblas=3.9.0=22_linux64_openblas
  - libedit=3.1.20191231=he28a2e2_2
  - libexpat=2.6.2=h59595ed_0
  - libffi=3.4.2=h7f98852_5
  - libgcc-ng=13.2.0=h77fa898_6
  - libgfortran-ng=13.2.0=h69a702a_6
  - libgfortran5=13.2.0=h43f5ff8_6
  - libgomp=13.2.0=h77fa898_6
  - liblapack=3.9.0=22_linux64_openblas
  - libnsl=2.0.1=hd590300_0
  - libopenblas=0.3.27=pthreads_h413a1c8_0
  - libpq=16.2=h33b98f1_1
  - libsodium=1.0.18=h36c2ea0_1
  - libsqlite=3.45.3=h2797004_0
  - libstdcxx-ng=13.2.0=hc0a3c3a_6
  - libuuid=2.38.1=h0b41bf4_0
  - libxcrypt=4.4.36=hd590300_1
  - libzlib=1.2.13=hd590300_5
  - matplotlib-inline=0.1.7=pyhd8ed1ab_0
  - ncurses=6.4.20240210=h59595ed_0
  - nest-asyncio=1.6.0=pyhd8ed1ab_0
  - numpy=1.26.4=py311h64a7726_0
  - openssl=3.3.0=hd590300_0
  - packaging=24.0=pyhd8ed1ab_0
  - pandas=2.2.2=py311h320fe9a_0
  - parso=0.8.4=pyhd8ed1ab_0
  - pexpect=4.9.0=pyhd8ed1ab_0
  - pickleshare=0.7.5=py_1003
  - pip=24.0=pyhd8ed1ab_0
  - platformdirs=4.2.1=pyhd8ed1ab_0
  - plotly=5.19.0=py311h92b7b1e_0
  - prompt-toolkit=3.0.42=pyha770c72_0
  - psutil=5.9.8=py311h459d7ec_0
  - psycopg2=2.9.9=py311h03dec38_0
  - ptyprocess=0.7.0=pyhd3deb0d_0
  - pure_eval=0.2.2=pyhd8ed1ab_0
  - pygments=2.18.0=pyhd8ed1ab_0
  - python=3.11.9=hb806964_0_cpython
  - python-dateutil=2.9.0=pyhd8ed1ab_0
  - python-tzdata=2024.1=pyhd8ed1ab_0
  - python_abi=3.11=4_cp311
  - pytz=2024.1=pyhd8ed1ab_0
  - pyzmq=26.0.2=py311h08a0b41_0
  - readline=8.2=h8228510_1
  - setuptools=69.5.1=pyhd8ed1ab_0
  - six=1.16.0=pyh6c4a22f_0
  - stack_data=0.6.2=pyhd8ed1ab_0
  - tenacity=8.2.2=py311h06a4308_0
  - tk=8.6.13=noxft_h4845f30_101
  - tornado=6.4=py311h459d7ec_0
  - traitlets=5.14.3=pyhd8ed1ab_0
  - typing_extensions=4.11.0=pyha770c72_0
  - tzdata=2024a=h0c530f3_0
  - wcwidth=0.2.13=pyhd8ed1ab_0
  - wheel=0.43.0=pyhd8ed1ab_1
  - xz=5.2.6=h166bdaf_0
  - zeromq=4.3.5=h75354e8_3
  - zipp=3.17.0=pyhd8ed1ab_0
  - pip:
      - attrs==23.2.0
      - fastjsonschema==2.19.1
      - jsonschema==4.22.0
      - jsonschema-specifications==2023.12.1
      - nbformat==5.10.4
      - referencing==0.35.1
      - rpds-py==0.18.1
prefix: /root/miniconda3/envs/ml_model
